101 1.6 0 -1
103 -3.84 0.64 -1
46 -3.2 -1.28 0
7 -3.52 -1.28 0
37 -3.2 -0.64 2
37 -3.2 -0.32 2
31 -3.2 0 2
41 -3.2 0.32 0
38 -2.56 0.32 0
38 -2.88 0.32 0
101 -0.32 -1.6 -1
101 -0.64 -1.6 -1
7 1.28 -1.92 0
13 0.64 -1.6 0
14 0.96 -1.6 0
13 0.32 -1.92 0
13 -3.52 -1.6 0
7 0.64 -1.28 0
101 -1.6 -1.6 -1
10 0.96 -1.92 0
13 -3.2 -1.6 0
13 -2.88 -1.6 0
13 -2.56 -1.6 0
11 4.16 -1.92 0
19 3.52 1.92 0
19 3.2 1.92 0
19 2.88 1.92 0
19 2.56 1.92 0
19 2.24 1.92 0
19 1.92 1.92 0
19 1.6 1.92 0
19 1.28 1.92 0
19 0.96 1.92 0
19 0.64 1.92 0
19 0.32 1.92 0
19 0 1.92 0
19 -0.32 1.92 0
19 -0.64 1.92 0
19 -0.96 1.92 0
19 -1.28 1.92 0
19 -1.6 1.92 0
19 -1.92 1.92 0
19 -2.24 1.92 0
19 -2.56 1.92 0
19 -2.88 1.92 0
19 -3.2 1.92 0
19 -3.52 1.92 0
19 -3.84 1.92 0
13 -4.16 -1.6 0
12 4.16 1.6 0
12 4.16 1.28 0
12 4.16 0.96 0
12 4.16 0.64 0
12 4.16 0.32 0
16 4.16 -1.28 0
12 4.16 -0.32 0
12 4.16 -0.64 0
12 4.16 -0.96 0
0 3.84 0 0
12 4.16 -1.6 0
19 3.84 1.92 0
14 -4.16 1.6 0
14 -4.16 1.28 0
14 -4.16 0.96 0
14 -4.16 0.64 0
14 -4.16 0.32 0
14 -4.16 0 0
14 -4.16 -0.32 0
14 -4.16 -0.64 0
14 -4.16 -0.96 0
10 -2.24 -1.92 0
14 -2.24 -1.6 0
5 4.16 1.92 0
13 3.84 2.24 0
13 3.52 2.24 0
13 3.2 2.24 0
13 2.88 2.24 0
13 2.56 2.24 0
13 2.24 2.24 0
13 -4.16 2.24 0
13 -3.84 2.24 0
13 -3.52 2.24 0
13 -3.2 2.24 0
13 -2.88 2.24 0
13 -2.56 2.24 0
13 -2.24 2.24 0
13 -1.92 2.24 0
13 -1.6 2.24 0
13 -1.6 2.56 0
13 -0.64 2.56 0
13 -0.32 2.56 0
13 0 2.56 0
13 0.32 2.56 0
13 0.64 2.56 0
13 0.96 2.56 0
13 1.28 2.56 0
13 1.6 2.56 0
13 1.92 2.56 0
13 4.16 2.56 0
13 3.84 2.56 0
13 3.52 2.56 0
13 3.2 2.56 0
13 2.88 2.56 0
13 2.56 2.56 0
13 2.24 2.56 0
13 1.92 2.24 0
13 1.6 2.24 0
13 1.28 2.24 0
13 0.96 2.24 0
13 0.64 2.24 0
13 0.32 2.24 0
13 0 2.24 0
13 -0.32 2.24 0
13 -0.64 2.24 0
13 -0.96 2.24 0
13 -1.28 2.24 0
13 -0.96 2.56 0
13 -1.28 2.56 0
13 -1.92 2.56 0
13 -2.24 2.56 0
13 -2.56 2.56 0
13 -2.88 2.56 0
13 -3.2 2.56 0
13 -3.52 2.56 0
13 -3.84 2.56 0
13 -4.16 2.56 0
13 4.48 0.64 0
13 4.48 0 0
13 4.48 -0.32 0
13 4.48 -0.64 0
13 4.8 1.28 0
13 4.8 1.6 0
13 4.8 1.92 0
13 4.48 2.56 0
13 4.8 2.56 0
13 4.8 2.24 0
13 4.48 1.92 0
13 4.48 2.24 0
13 4.48 1.6 0
13 4.48 1.28 0
13 4.48 0.96 0
13 4.48 0.32 0
13 4.8 0.96 0
13 4.8 0.64 0
13 4.8 0.32 0
13 4.8 0 0
13 4.8 -0.32 0
13 4.8 -0.64 0
13 4.48 -0.96 0
13 4.8 -0.96 0
13 4.8 -1.28 0
13 4.48 -1.28 0
13 4.48 -1.6 0
13 4.8 -1.6 0
13 4.48 -1.92 0
13 4.8 -1.92 0
13 -3.84 -2.56 0
13 -3.52 -2.56 0
13 -3.2 -2.56 0
13 -2.88 -2.56 0
13 -2.56 -2.56 0
13 -2.24 -2.56 0
13 -1.92 -2.56 0
13 -1.6 -2.56 0
13 -1.28 -2.56 0
13 -0.96 -2.56 0
13 -0.64 -2.56 0
13 -0.32 -2.56 0
13 0 -2.56 0
13 0.32 -2.56 0
13 0.64 -2.56 0
13 0.96 -2.56 0
13 1.28 -2.56 0
13 1.6 -2.56 0
13 1.92 -2.56 0
13 2.24 -2.56 0
13 2.56 -2.56 0
13 2.88 -2.56 0
13 3.2 -2.56 0
13 3.52 -2.56 0
13 3.84 -2.56 0
13 4.16 -2.56 0
13 4.48 -2.56 0
13 4.8 -2.56 0
13 4.48 -2.24 0
13 4.8 -2.24 0
13 3.84 -2.24 0
13 3.52 -2.24 0
13 3.2 -2.24 0
13 2.88 -2.24 0
13 2.56 -2.24 0
13 2.24 -2.24 0
13 1.92 -2.24 0
13 1.6 -2.24 0
13 1.28 -2.24 0
13 0.96 -2.24 0
13 0.64 -2.24 0
13 0.32 -2.24 0
13 0 -2.24 0
13 -0.32 -2.24 0
13 -0.64 -2.24 0
13 -0.96 -2.24 0
13 -1.28 -2.24 0
13 -1.6 -2.24 0
13 -1.92 -2.24 0
13 -2.24 -2.24 0
13 -2.56 -2.24 0
13 -2.88 -2.24 0
13 -3.2 -2.24 0
13 -3.52 -2.24 0
13 -3.84 -2.24 0
13 -4.16 -2.24 0
13 -4.8 -1.6 0
13 -4.8 -1.28 0
13 -4.8 -0.96 0
13 -4.8 -0.64 0
13 -4.8 -0.32 0
13 -4.8 0 0
13 -4.8 0.32 0
13 -4.8 0.64 0
13 -4.8 0.96 0
13 -4.8 1.28 0
13 -4.8 1.6 0
13 -4.8 1.92 0
13 -4.8 2.24 0
13 -4.8 2.56 0
13 -4.48 2.56 0
13 -4.48 2.24 0
13 -4.48 1.92 0
13 -4.48 1.6 0
13 -4.48 1.28 0
13 -4.48 0.96 0
13 -4.48 0.64 0
13 -4.48 0.32 0
13 -4.48 0 0
13 -4.48 -0.32 0
13 -4.48 -0.64 0
13 -4.48 -0.96 0
13 -4.48 -1.28 0
13 -4.48 -1.6 0
13 -4.48 -1.92 0
13 -4.8 -2.56 0
13 -4.8 -2.24 0
13 -4.48 -2.24 0
13 -4.48 -2.56 0
13 -4.8 -1.92 0
13 4.16 2.24 0
13 -4.16 -1.92 0
13 -3.84 -1.92 0
13 -3.52 -1.92 0
13 -3.2 -1.92 0
13 -2.88 -1.92 0
13 -2.56 -1.92 0
7 -1.92 -1.92 0
7 -1.6 -1.92 0
7 -1.28 -1.92 0
7 -0.96 -1.92 0
7 -0.64 -1.92 0
7 -0.32 -1.92 0
12 0 -1.6 0
8 0.96 -1.28 0
6 0 -1.28 0
13 0.64 -1.92 0
13 0.32 -1.6 0
7 1.6 -1.92 0
7 1.92 -1.92 0
7 2.24 -1.92 0
7 2.56 -1.92 0
7 2.88 -1.92 0
7 3.2 -1.92 0
7 3.52 -1.92 0
7 3.84 -1.92 0
4 -4.16 1.92 0
13 -4.16 -2.56 0
13 4.16 -2.24 0
100 -3.84 -0.9699 1
7 -3.84 -1.28 0
31 -3.2 -0.96 2
7 -2.88 -1.28 0
7 -2.56 -1.28 0
8 -2.24 -1.28 0
10 -4.16 -1.28 0
13 -3.84 -1.6 0
11 0 -1.92 0
101 -1.92 -1.6 -1
101 -1.28 -1.6 -1
14 2.88 -0.32 0
13 2.56 -0.64 0
19 2.56 -0.96 0
0 3.84 -1.28 0
20 2.88 -0.96 0
13 2.56 -0.32 0
37 0.64 -0.96 2
14 2.88 0 0
7 2.56 0.32 0
8 2.88 0.32 0
12 2.24 -0.32 0
12 2.24 -0.64 0
18 2.24 -0.96 0
22 2.88 -0.64 0
6 2.24 0.32 0
13 2.56 0 0
2 3.2 -0.64 0
16 4.16 0 0
39 0.96 0.32 0
40 0 0.32 0
38 0.32 0.32 0
41 0.64 0.32 0
37 0.64 0 2
37 0.64 -0.32 2
37 0.64 -0.64 2
12 2.24 0 0
101 -0.96 -1.6 -1
7 0.32 -1.28 0
39 -2.24 0.32 0
38 -3.52 0.32 0
38 -3.84 0.32 0
61 2.24 -1.28 -2
61 2.24 -1.6 -2
61 2.56 -1.6 -2
61 2.88 -1.6 -2
61 3.2 -1.6 -2
61 3.52 -1.6 -2
61 3.84 -1.6 -2
60 1.92 -1.6 -2
61 3.52 -1.28 -2
61 3.2 -1.28 -2
61 2.88 -1.28 -2
61 2.56 -1.28 -2
61 3.2 -0.96 -2
61 2.88 -0.32 -2
61 3.52 -0.96 -2
61 3.84 0 -2
61 3.84 -0.64 -2
61 3.84 -0.96 -2
61 3.52 -0.64 -2
61 3.52 -0.32 -2
61 3.2 -0.32 -2
61 2.88 -0.96 -2
61 3.52 0 -2
61 3.84 -0.32 -2
61 3.84 0.32 -2
61 3.52 0.32 -2
61 3.2 0.32 -2
61 2.88 0 -2
61 3.2 0 -2
61 3.2 -0.64 -2
61 3.2 0.64 -2
61 3.2 0.96 -2
61 3.2 1.28 -2
61 3.2 1.6 -2
61 3.52 1.6 -2
61 3.84 1.6 -2
61 3.84 1.28 -2
61 3.84 0.96 -2
61 3.84 0.64 -2
61 3.52 0.64 -2
61 3.52 0.96 -2
61 3.52 1.28 -2
60 1.92 -1.28 -2
60 1.92 -0.96 -2
61 2.24 -0.96 -2
60 2.88 0.64 -2
61 2.24 -0.64 -2
61 2.56 -0.64 -2
61 2.88 -0.64 -2
61 2.56 -0.96 -2
61 2.88 0.32 -2
61 4.16 -1.6 -2
60 2.88 0.96 -2
60 2.88 1.28 -2
60 2.88 1.6 -2
54 1.92 -0.64 -2
62 -2.88 0.32 -2
62 -3.52 1.6 -2
61 -3.84 1.28 -2
62 -3.52 1.28 -2
61 -1.92 -0.96 -2
56 -2.24 0 -2
61 -3.2 0.32 -2
62 -2.88 0.64 -2
56 -2.88 0.96 -2
61 -2.56 -0.32 -2
61 -2.56 -0.64 -2
61 -2.56 -0.96 -2
61 3.84 -1.28 -2
58 -3.52 0.96 -2
62 -2.24 -0.32 -2
58 -2.88 0 -2
49 -2.56 0 -2
61 -2.88 -0.64 -2
61 -2.88 -0.96 -2
61 -3.2 -0.96 -2
61 -3.52 -0.96 -2
61 -3.84 -0.96 -2
61 -3.84 -0.64 -2
61 -3.84 -0.32 -2
61 -3.84 0 -2
61 -3.84 0.32 -2
61 -3.84 0.64 -2
61 -3.84 0.96 -2
61 -3.84 1.6 -2
49 -3.2 0.96 -2
61 -3.52 0.64 -2
61 -3.2 0.64 -2
61 -2.88 -0.32 -2
61 -3.2 -0.64 -2
61 -3.52 -0.32 -2
61 -3.52 0 -2
61 -3.52 0.32 -2
61 -3.52 -0.64 -2
61 -3.2 -0.32 -2
61 -3.2 0 -2
61 -2.56 -1.28 -2
61 -2.88 -1.28 -2
61 -3.2 -1.28 -2
61 -3.52 -1.28 -2
61 -3.84 -1.28 -2
61 -4.16 -1.28 -2
61 -4.16 -0.96 -2
61 -4.16 -0.64 -2
61 -4.16 -0.32 -2
61 -4.16 0 -2
61 -4.16 0.32 -2
61 -4.16 0.64 -2
61 -4.16 0.96 -2
61 -4.16 1.28 -2
61 -4.16 1.6 -2
49 -1.92 -0.64 -2
62 -1.6 -1.6 -2
61 -2.24 -0.96 -2
56 -1.6 -0.64 -2
62 -1.6 -0.96 -2
62 -1.6 -1.28 -2
61 -1.92 -1.6 -2
61 -1.92 -1.28 -2
58 -2.24 -0.64 -2
62 0.96 -0.32 -2
62 0.96 0 -2
61 0.64 -0.32 -2
66 -1.28 1.6 -2
62 0.96 -0.96 -2
61 0.64 0.32 -2
61 0.32 0.32 -2
60 0 0 -2
62 0.96 1.6 -2
66 0 -0.32 -2
60 0.32 -0.64 -2
61 0.64 0 -2
61 0.32 0 -2
62 0.96 -0.64 -2
61 0.64 -0.64 -2
61 0.64 -0.96 -2
60 0.32 -0.96 -2
60 0 0.64 -2
60 0 0.32 -2
67 -0.32 0.96 -2
61 0 1.28 -2
61 0 1.6 -2
61 0.32 1.6 -2
61 0.64 1.6 -2
62 0.96 1.28 -2
62 0.96 0.96 -2
62 0.96 0.64 -2
62 0.96 0.32 -2
61 0.64 0.64 -2
61 0.32 0.64 -2
61 0.32 0.96 -2
61 0.32 1.28 -2
61 0.64 1.28 -2
61 0.64 0.96 -2
61 -0.32 1.6 -2
61 -0.64 1.6 -2
61 -0.32 1.28 -2
61 -0.64 1.28 -2
67 -0.64 0.96 -2
53 0 0.96 -2
60 -0.96 1.28 -2
53 -0.96 1.6 -2
66 -0.96 0.96 -2
53 0.32 -0.32 -2
61 4.16 1.6 -2
61 4.16 1.28 -2
61 4.16 0.96 -2
61 4.16 0.64 -2
61 4.16 0.32 -2
61 4.16 0 -2
61 4.16 -0.32 -2
61 4.16 -0.64 -2
61 4.16 -0.96 -2
61 4.16 -1.28 -2
61 -2.24 -1.28 -2
61 -2.24 -1.6 -2
61 -2.24 -1.92 -2
